18800120728
18800111606
18800116758
18800100308
18800123168
18800110108
13717966679
18800101069
13718883626
13718877708
18800108069
18800118809
13718860518
18800120609
13718883538
18800100538
13718505169
18800116568
18800125778
18800110608
18800102008
18800125868
18800116689
18800100138
18800112569
18800106808
18800110696
18800100858
18800105789
18800125086
18800100218
18800100179
13716886369
13718883359
18800106708
13718899656
13701086009
18800116869
18800119379
18800111669
18800110136
18800110036
13716691556
18800126129
18800122186
18800109109
18800111889
18800100926
18800103178
18800100528
18800103376
18800119978
18800108728
18800110118
18800110858
18800116878
18800117689
18800120916
13718887526
18800100796
18800123008
18800118086
18800109129
13716071886
13718123789
18800119068
18800108009
18800120319
18800105868
18800112529
13718859606
13701015258
13716868209
13716369668
13701066339
13718881109
18800110158
18800100279
18800116608
13718707018
18800101618
18800116636
18800102058
13718808189
13718210226
18800113206
18800115568
18800100258
18800111868
18800100896
18800110826
18800107816
18800122339
18800120506
18800120079
13718833389
18800110068
18800108828
18800118589
18800105309
18800100989
18800116698
18800108089
18800100628
18800103036
13718812268
18800110868
18800121678
18800100696
18800100729
18800105256
18800100339
18800111689
18800119698
18800110058
18800100996
18800120998
18800100209
18800102526
18800112519
18800120706
18800116658
13701087876
18800120129
18800111068
18800119909
18800109979
18800110098
18800102028
18800110508
18800112236
18800121258
18800100169
18800119939
13718816168
18800101369
18800100979
18800111229
18800127128
18800111019
18800100618
18800100829
18800110319
18800100816
18800118689
18800107118
18800103179
18800112208
18800110119
13718897229
18800106616
13718552336
13718552758
18800116628
18800121276
18800119989
18800100216
18800107279
18800106618
18800111009
18800112719
18800102308
18800111528
18800110506
18800115068
18800100958
18800121898
18800109989
18800101008
13718887396
18800100559
13718788816
13717990719
13701033689
18800127528
18800100226
13718511339
13701033379
13716780639
13701230206
18800126179
18800100906
18800121668
18800119096
13718850228
18800119936
18800122218
18800105226
18800102009
18800118918
18800107018
18800112556
18800123228
18800113369
18800121216
18800105719
18800112269
18800121518
13718718828
18800110109
18800126268
13716013036
18800115116
18800100219
18800109689
18800120106
18800126998
18800101668
18800115209
18800111228
18800121139
18800122206
18800106768
18800111909
18800118768
18800121789
18800109069
18800126728
18800100898
18800110516
18800112289
13718260919
18800115216
18800103279
18800111976
18800102118
13717656506
18800100309
13718806606
13701066206
18800102606
18800110928
13716662286
18800118159
18800109328
13718586186
13718856836
18800105156
18800118658
13716161109
13718555819
13717707798
13718800118
18800112078
13716062056
18800126108
13716855068
18800113969
18800126778
13716880608
13717955669
18800125186
18800101009
18800119958
18800101058
18800107278
18800112509
13718885379
18800117178
18800100798
18800120616
13718799978
13718810216
18800119918
18800111336
18800111678
18800100809
13718886118
18800111898
18800119919
18800120318
18800100678
18800102358
18800110029
18800111808
18800123006
18800110129
18800100229
18800111816
18800110829
18800119869
18800100329
13718692376
18800108136
13716659919
18800116606
18800108858
18800115918
18800101886
18800105219
18800115006
18800106686
18800112286
13717999816
18800121106
18800100326
18800110886
18800112068
18800118598
18800100159
18800105009
13718592279
18800119959
13701130996
18800112586
18800116998
18800122008
13717866808
18800108838
18800126026
13718501769
18800108869
18800109609
13717999089
18800123579
13718751698
18800116696
18800100828
13716008006
13716896689
18800111886
18800109969
13717559158
18800111718
18800120898
13718568756
18800112176
18800113108
18800116676
13701197968
18800100669
13718560206
13716061528
13718919638
18800117126
13718922919
13718501836
13718520139
13718801228
18800108319
13718566129
18800110929
18800101308
18800101278
18800119819
