2271571
2272297
2262217
2263897
2272166
2260964
2273034
2261070
2268951
2287162
2266870
2290438
2286062
2281564
2265506
2266176
2280936
2261502
2261434
2263258
2282142
2289097
2290564
2283891
2266663
2268426
2275858
2288924
2293176
2267740
2263860
2286661
2270535
2295283
2280810
2272503
2268419
2280738
2277347
2274192
2271143
2286493
2278824
2270807
2266516
2282425
2280215
2275802
2275671
2260873
2294813
2270954
2271333
2288098
2290363
2272867
2279482
2264372
2289538
2271046
2260984
2281059
2290121
2280758
2269606
2260970
2265935
2266291
2265938
2276276
2270828
2267969
2280949
2280269
2267213
2276853
2278151
2280277
2279822
2274072
2281028
2268159
2271339
2266692
2280550
2271749
2264518
2266642
2263370
2263670
2264709
2265635
2261082
2270523
2268618
2276435
2290385
2262187
2261200
2274121
2261671
2263616
2278791
2267521
2261964
2277156
2260990
2267473
2266579
2278162
2281887
2294547
2265812
2281285
2273312
2264114
2266839
2289884
2262956
2290519
2288361
2272535
2290408
2279832
2275665
2293104
2296042
2277869
2295496
2266650
2275760
2266179
2266059
2276733
2275797
2280236
2266784
2282267
2263677
2265661
2264980
2277041
2279956
2270777
2261020
2274755
2262743
2279388
2278546
2274965
2278164
2277905
2262924
2273494
2261872
2269496
2271452
2274964
2272559
2266212
2262847
2270845
2264956
2277566
2276769
2277118
2265803
2280950
2260878
2260879
2280878
2295678
2265972
2265166
2271385
2276310
2295351
2262030
2261054
2286923
2268128
2281050
2270333
2275884
2262315
2263061
2265574
2261878
2289885
2283810
2280347
2262950
2262600
2270990
2261160
2266483
2268109
2279311
2263688
2290672
2290674
2265150
2277261
2275000
2266415
2271270
2267193
2279654
2261641
2284227
2290886
2281175
2282694
2271134
2275057
2279438
2283492
2276712
2269682
2281032
2292297
2280807
2279002
2280259
2267603
2273882
2294518
2263681
2273446
2261128
2273412
2277051
2263398
2273455
2273429
2273388
2263265
2273425
2275338
2286774
2269648
2264795
2266826
2284158
2279953
2278737
2296425
2264403
2278551
2265361
2291455
2288939
2294379
2280415
2282521
2274798
2290431
2289920
2289886
2264492
2261242
2289950
2284288
2290357
2279398
2277558
2284080
2289887
2271807
2261066
2271650
2291058
2270821
2265342
2295784
2264213
2271291
2289901
2267907
2264464
2277699
2280757
2265606
2267137
2283307
2280862
2277296
2281873
2274932
2261025
2268956
2280715
2270928
2276370
2261090
2290518
2265964
2270771
2261130
2270669
2271083
2263383
2264276
2267390
2262363
2267159
2263983
2295781
2261151
2262277
2290671
2290453
2276698
2264823
2270460
2295536
2267406
2267076
2290667
2278321
2263706
2272759
2273656
2262565
2270199
2281010
2277357
2279769
2270927
2280639
2266640
2266231
2276097
2260953
2280860
2280267
2283615
2280571
2269267
2289359
2260875
2282758
2276947
2280979
2282446
2264211
2277725
2280266
2277277
2277409
2265941
2262574
2295792
2266905
2266720
2269831
2295546
2275411
2279843
2265951
2278883
2295796
2282074
2275452
2265955
2294996
2269830
2265968
2289906
2265987
2279856
2290265
2290109
2286518
2266216
2291197
2290583
2260944
2266980
2291183
2260952
2274727
2279352
2271047
2275585
2268942
2290579
2279853
2277456
2264323
2295804
2265048
2277609
2283167
2290670
2295552
2272117
2276150
2263699
2275869
2275357
2270783
2269100
2260897
2260916
2266582
2267511
2286251
2280276
2294499
2260898
2290673
2263099
2278292
2279065
2267827
2278367
2279513
2267730
2270528
2271469
2289737
2282153
2270545
2287147
2267674
2289219
2271010
2261442
2289903
2265012
2263371
2267720
2289904
2262485
2266615
2279270
2278683
2277264
2276840
2265999
2290573
2262836
2279567
2282269
2270768
2268305
2265450
2286317
2266000
2272954
2280384
2270411
2262359
2264435
2278645
2275922
2290130
2280344
2279070
2276636
2284318
2268105
2263027
2283679
2275203
2289891
2265244
2266435
2268455
2265061
2264906
2287148
2279766
2266688
2280822
2268844
2275632
2267524
2289924
2290154
2290160
2266853
2274790
2267477
2264153
2279791
2278317
2275099
2290163
2264816
2281207
2266833
2273817
2277788
2266445
2286690
2263564
2281005
2279547
2260880
2296372
2269419
2269734
2269721
2287200
2270643
2280282
2278660
2275572
2264493
2265125
2289951
2278393
2264336
2289383
2272803
2264763
2268744
2282539
2290658
2279916
2290349
2263821
2286156
2285665
2275954
2264711
2282686
2289569
2280251
2278829
2278337
2264852
2269745
2294819
2268735
2263435
2277671
2265055
2276980
2261657
2263869
2263820
2286314
2278845
2276193
2272770
2262015
2264262
2269450
2279262
2287338
2279774
2268762
2273024
2279649
2277852
2269206
2277606
2268382
2266348
2270379
2279667
2279960
2279937
2278596
2276462
2285924
2285705
2288136
2279364
2289199
2282134
2290082
2282763
2280418
2285271
2296385
2271033
2284045
2283245
2281019
2278706
2285830
2260868
2276549
2281898
2276406
2289552
2278225
2278570
2275927
2285644
2279572
2271614
2273090
2272046
2272687
2276576
2279454
2272467
2273226
2272833
2273249
2272840
2273675
2273482
2273264
2272841
2278349
2273691
2271626
2273890
2273715
2273791
2273493
2273267
2273352
2273495
2273497
2273873
2273696
2273698
2273700
2272724
2273702
2273705
2273720
2273717
2272738
2272597
2273708
2273722
2273725
2273801
2273974
2272735
2273787
2273859
2273811
2273739
2273837
2273514
2273745
2273520
2273502
2273625
2273654
2273538
2273914
2273917
2273922
2273925
2273997
2273767
2273025
2273029
2272863
2273033
2273935
2272876
2273043
2273728
2273281
2273079
2273286
2274012
2273568
2273067
2273074
2273077
2273078
2273290
2272858
2274022
2273345
2273308
2273789
2273792
2273960
2272817
2273317
2273504
2273598
2273771
2273608
2273333
2273800
2272904
2272909
2272915
2272912
2273238
2274467
2278454
2266239
2277527
2270346
2275583
2276925
2266900
2262882
2261871
2272708
2271890
2274021
2274113
2274118
2274083
2273785
2277095
2261329
2261210
2272550
2275350
2275489
2273629
2275313
2273360
2292065
2273822
2273824
2275274
2275276
2275280
2276972
2275330
2273783
2274671
2272007
2276967
2273551
2275162
2273383
2275111
2273522
2273419
2273389
2273397
2274040
2273400
2273503
2273919
2273513
2273611
2272968
2280078
2275336
2275113
2275116
2275093
2277124
2275140
2277008
2275118
2274742
2275150
2275128
2275119
2273251
2274732
2276833
2279519
2277131
2276452
2276456
2277197
2277285
2277135
2277136
2277141
2277155
2276459
2277144
2276626
2274431
2276631
2276633
2275075
2274736
2274571
2274738
2274009
2275038
2275017
2275022
2276785
2274792
2276645
2273270
2274860
2274920
2274907
2276463
2274692
2276467
2275040
2273227
2273303
2274693
2274741
2274452
2274460
2274745
2274446
2275047
2274952
2274994
2274706
2274688
2274603
2274709
2273309
2274711
2274478
2276650
2274747
2274713
2276548
2276656
2276516
2276662
2274717
2276843
2274999
2276670
2275045
2274870
2275077
2276672
2276677
2274242
2276564
2276852
2274487
2273866
2271826
2271881
2265195
2279516
2276750
2278528
2277954
2276876
2278263
2278752
2261542
2279136
2263996
2274704
2260997
2278722
2279375
2262111
2279178
2264179
2264838
2295019
2295094
2276871
2282331
2262854
2270466
2266507
2262021
2263273
2278520
2276984
2279873
2278913
2276483
2261114
2279037
2279821
2278563
2277133
2276594
2278293
2277395
2276563
2266333
2276001
2263178
2263770
2296709
2268496
2277663
2275514
2281810
2261152
2285611
2272081
2272055
2260906
2262798
2280157
2278192
2277307
2267953
2266453
2264793
2266062
2278025
2273402
2277652
2277294
2264169
2265051
2278880
2280475
2281194
2261717
2266467
2276622
2276658
2272995
2272560
2264803
2274257
2274283
2274226
2265967
2274376
2274457
2279095
2274545
2277924
2277038
2275050
2282561
2274716
2276846
2275844
2279669
2273600
2277687
2263982
2275456
2273054
2264274
2282035
2281988
2281969
2261046
2281084
2279265
2282097
2277849
2280576
2264809
2279699
2277332
2264561
2277142
2268008
2275454
2270826
2281113
2280752
2265865
2279926
2275054
2265879
2263967
2263641
2265354
2278066
2266510
2277981
2267458
2267078
2266855
2261628
2266606
2263015
2264881
2283106
2276818
2270366
2265658
2276873
2264456
2261835
2280517
2265303
2277989
2280961
2261891
2280512
2261221
2280745
2274844
2276611
2278988
2266501
2280018
2296618
2278618
2267286
2272623
2273045
2261770
2277791
2295909
2295915
2295268
2270804
2295495
2261306
2295923
2295641
2262720
2286957
2286170
2285529
2263877
2277837
2286872
2264283
2275485
2295646
2272208
2282126
2265870
2295653
2289227
2264151
2270344
2268534
2281840
2280766
2265844
2287993
2278783
2265190
2290146
2290024
2289908
2271737
2261337
2263268
2289024
2270314
2290850
2266014
2264303
2289931
2275765
2268389
2265013
2275244
2283929
2289993
2277865
2262676
2267958
2286346
2282333
2269821
2295661
2284418
2266330
2261071
2267231
2272893
2267197
2284925
2279884
2284036
2290592
2290580
2281252
2278855
2263672
2274029
2284270
2271140
2282921
2266389
2275262
2282202
2261590
2288947
2278703
2266326
2276388
2267460
2276824
2272627
2287699
2270812
2261076
2279923
2265830
2269839
2276402
2278385
2264554
2267889
2271387
2275715
2264490
2263388
2269833
2267107
2280827
2275843
2276219
2274739
2278220
2275491
2266616
2269181
2271013
2261603
2264635
2260860
2280671
2280606
2269003
2275065
2275288
2276316
2283030
2278678
2264238
2275129
2265253
2281926
2274891
2285834
2293302
2277265
2275902
2278312
2281854
2261045
2261680
2280882
2269649
2278179
2263144
2270383
2278676
2261002
2280869
2276550
2281067
2265076
2281916
2268195
2268356
2266968
2265726
2280649
2280816
2262731
2275781
2262838
2266548
2264850
2280909
2263810
2296482
2266148
2286018
2286471
2260962
2272238
2295676
2295962
2295966
2295680
2295973
2290581
2283887
2269643
2295982
2295985
2286995
2261023
2290476
2267042
2295988
2281456
2278708
2286121
2287255
2295703
2289910
2290561
2295996
2296001
2296012
2295717
2289927
2289955
2264599
2270339
2264747
2263415
2279104
2280533
2265381
2265476
2280466
2264134
2275898
2281338
2272810
2270882
2266928
2277070
2270955
2269538
2269697
2270400
2281321
2280422
2283686
2262576
2275168
2270338
2287416
2275090
2296509
2280969
2285209
2262404
2296380
2261652
2282557
2275947
2262328
2262401
2281799
2281200
2278796
2275351
2276232
2270676
2267268
2275371
2277985
2278163
2279985
2278227
2280185
2289063
2281145
2261112
2278890
2295723
2280445
2264254
2265618
2260912
2270513
2281610
2280919
2263574
2260890
2263321
2279859
2270742
2260941
2263826
2279112
2272084
2266114
2274128
2281099
2267023
2280329
2265432
2263663
2296267
2276290
2268147
2264730
2271879
2275841
2264476
2295745
2264181
2295520
2275110
2290007
2261026
2290846
2292209
2294706
2286282
2269688
2289968
2289969
2290011
2289934
2285763
2288678
2293014
2270839
2281852
2265531
2290153
2284844
2290570
2290147
2290033
2290148
2261286
2261150
2282988
2280880
2290122
2290123
2290125
2289981
2285286
2273744
2282511
2281044
2280226
2283890
2289645
2278116
2278652
2266041
2290161
2278052
2276663
2289691
2266687
2262321
2296031
2295742
2290269
2275094
2264294
2268116
2295836
2285020
2289072
2279850
2277530
2290565
2295748
2295755
2295763
2284867
2279367
2287752
2261015
2274614
2271284
2296046
2296055
2296086
2295768
2295773
2262322
2261308
2280848
2288054
2277490
2266449
2261138
2275997
2268486
2264280
2266685
2270934
2278193
2280260
2264933
2263199
2268474
2290717
2260867
2264237
2287987
2275543
2276119
2281092
2290641
2295070
2278754
2290553
2292865
2263562
2282187
2278334
2279682
2278602
2263216
2265232
2281755
2264302
2284977
2268388
2283338
2263701
2290356
2261018
2288586
2261908
2267528
2264536
2277572
2276400
2263950
2267014
2291849
2265627
2265649
2264185
2289467
2279144
2281237
2275155
2268477
2269599
2280216
2282591
2265409
2288409
2267195
2267428
2263634
2263932
2263327
2283093
2273084
2265369
2267784
2264589
2264131
2271036
2281287
2296589
2280841
2277536
2262102
2269076
2268336
2264422
2279086
2269140
2264113
2264100
2271149
2262880
2261305
2272326
2278482
2265533
2270953
2280542
2268546
2264936
2281009
2280256
2290539
2267869
2283380
2287528
2271945
2284328
2280956
2267080
2276684
2278268
2268402
2264366
2260947
2287127
2279947
2267210
2265389
2275730
2261350
2273460
2284780
2263508
2265849
2284906
2265557
2281522
2272333
2263986
2287050
2295802
2296157
2284334
2278615
2283750
2266801
2265074
2260857
2268355
2268343
2265033
2265281
2290229
2281224
2269004
