1790643
1842777
1844191
1843993
1847620
1849420
1851421
1846465
1847247
1789437
1842534
1842941
1843650
1850160
1847683
1846506
1850550
1852140
1791036
1790466
1851695
1855077
1894669
1894473
1904699
1857802
1863339
1873242
1878183
1884701
1886256
1885471
1887485
1892654
1903827
1909542
1912549
1915262
1887925
1888967
1888335
1890610
1889900
1895963
1917232
1918404
1917473
1918995
1922411
1920291
1927627
1934170
1915278
1914590
1916759
1916100
1916874
1918217
1919159
1917869
1920119
1920610
1914826
1913594
1913747
1915428
1915818
1857337
1862335
1866235
1871930
1878497
1882241
1885091
1886594
1887813
1887450
1887842
1889775
1891353
1895424
1903173
1903875
1904197
1908446
1856904
1862839
1868415
1871120
1870366
1882569
1886008
1885136
1887414
1888317
1888872
1889183
1888435
1889326
1890196
1892708
1901351
1903268
1902876
1909856
1908597
1855133
1858613
1863905
1868181
1871122
1872591
1878090
1884030
1885461
1887062
1886297
1887531
1889077
1888900
1889393
1890524
1902647
1913920
1912491
1860325
1864114
1867642
1871946
1874045
1876342
1877643
1880503
1880139
1884194
1887680
1887875
1890671
1890397
1905332
1906292
1911225
1912879
1914137
1870727
1876799
1882938
1883181
1882972
1886158
1885236
1886523
1885686
1890124
1889885
1890335
1891313
1890346
1891522
1894133
1903073
1911557
1912566
1912644
1858601
1856927
1858523
1858095
1868376
1869594
1881628
1881832
1882286
1884955
1883536
1887814
1888005
1887820
1885049
1921204
1921606
1920674
1919896
1917547
1919699
1926840
1929013
1935493
1915237
1916996
1919444
1919536
1921359
1920035
1920482
1922961
1922427
1924783
1927642
1916907
1916983
1919156
1920360
1944539
1915049
1917233
1918456
1917136
1920278
1925174
1927710
1928870
1916410
1916163
1918272
1919430
1923115
1924064
1921750
1926262
1929836
1916511
1914244
1916912
1917126
1920345
1924510
1925256
1923087
1924493
1928655
1930456
1931482
1740406
1733818
1750081
1739106
1735055
1734690
1735640
1735381
1734885
1747901
1740624
1740367
1745640
1737762
1760320
1751786
1765253
1761596
1758841
1764972
1765766
1765188
1751426
1765508
1756571
1755161
1763754
1762269
1772874
1770785
1765780
1780247
1782154
1766770
1780847
1780998
1776892
1780294
1780039
1767269
1766694
1773965
1765728
1766176
1769158
1776401
1775919
1779033
1779727
1782364
1767601
1779808
1786329
1785441
1785279
1786662
1786283
1786863
1784995
1786386
1787633
1785065
1787223
1786872
1786233
1785338
1786046
1786694
1783335
1784257
1784143
1787255
1785299
1783819
1784525
1787521
1784908
1783395
1784912
1784595
1785379
1785890
1787191
1782595
1784988
1784628
1785650
1787459
1787911
1787959
1783714
1786547
1788903
1788407
1786108
1788756
1787445
1787634
1625190
1621029
1627806
1632486
1639584
1651257
1655882
1685088
1695705
1685114
1722253
1727013
1710075
1747730
